"0","commute.plot"
